665
686
698
699
651
659
668
665
633
624
636
661
685
639
642
654
691
709
681
681
691
654
675
666
618
607
606
625
675
689
644
644
666
694
644
652
647
646
617
617
639
672
706
672
677
692
704
686
656
692
723
732
680
662
673
704
725
696
688
724
733
722
665
652
659
657
633
649
659
678
702
677
677
671
630
621
629
626
635
660
646
617
603
608
602
618
665
715
693
674
690
709
715
674
666
689
700
706
660
670
689
698
666
637
627
648
690
701
675
638
653
666
673
683
666
644
620
617
641
700
759
767
739
703
636
634
646
678
711
688
647
671
715
725
693
637
659
650
652
638
626
656
678
727
704
697
721
733
740
686
665
668
669
660
638
640
678
709
711
680
707
734
730
696
679
684
710
678
659
679
688
725
686
660
628
638
680
698
710
717
709
659
672
686
710
725
688
679
705
695
671
650
658
674
681
664
665
667
681
649
661
666
677
667
657
657
635
626
650
675
653
654
677
693
655
645
655
671
640
632
653
675
680
656
669
682
675
636
646
638
662
668
650
623
630
628
609
613
598
585
598
639
627
644
673
713
685
708
711
699
649
651
670
681
657
660
690
708
690
657
674
699
704
724
686
646
655
659
669
674
646
653
645
666
655
638
663
728
750
690
663
683
694
652
618
611
611
623
622
628
622
610
625
624
639
605
607
618
639
660
626
625
642
666
658
638
662
695
726
656
668
678
678
653
634
660
698
714
677
703
710
724
664
665
665
663
648
629
650
708
761
742
699
713
728
724
678
656
678
685
694
668
702
725
730
669
677
694
723
688
717
730
738
709
723
739
708
670
697
720
708
662
675
690
713
710
673
707
730
721
700
693
682
656
669
688
702
688
642
645
658
672
658
642
657
659
631
626
639
638
670
662
658
620
613
619
635
661
709
713
710
678
641
637
657
682
704
665
632
624
605
630
694
673
672
698
724
728
668
638
654
669
692
673
675
721
740
743
694
706
722
731
691
668
690
701
702
673
661
681
731
675
672
672
694
703
711
672
688
694
662
653
664
713
749
772
764
708
698
691
676
641
617
614
622
661
636
649
680
712
716
667
660
652
644
635
617
622
650
658
646
634
731
772
755
750
741
710
671
681
702
723
728
688
684
710
735
734
729
708
720
730
715
677
657
671
694
719
747
733
731
754
771
767
721
682
689
700
728
737
725
736
746
768
757
728
709
691
698
692
702
701
723
773
770
746
712
711
736
730
700
687
706
733
745
734
708
704
686
643
623
611
605
598
613
633
630
613
619
654
738
749
690
691
715
742
714
682
678
703
711
681
680
692
715
708
687
703
716
718
675
668
679
718
730
702
684
708
710
691
672
695
721
747
751
700
700
726
750
744
709
703
711
717
693
669
675
734
778
785
746
750
755
745
712
673
667
686
733
702
691
699
716
715
678
692
724
735
676
657
667
690
686
640
627
623
633
666
709
692
661
670
695
699
679
657
675
705
726
715
675
688
711
697
660
635
667
861
788
772
731
724
687
666
675
703
750
751
699
699
714
705
692
658
666
691
733
752
710
715
745
747
715
697
727
736
745
709
691
719
736
740
708
690
702
725
744
710
707
733
730
694
675
700
719
730
692
677
712
739
729
691
688
689
705
675
658
671
678
680
654
648
664
682
702
670
648
664
690
686
653
641
656
681
694
676
680
715
728
731
677
686
706
720
713
690
701
712
676
646
666
706
749
709
749
791
788
724
686
699
719
727
690
719
782
798
756
692
664
657
627
621
722
756
718
791
814
803
742
718
738
737
727
689
681
713
749
752
712
729
750
764
736
708
719
737
735
688
701
716
716
702
670
684
709
710
667
669
683
689
686
642
648
663
670
653
640
666
684
683
652
654
670
679
681
661
685
708
734
683
656
678
704
700
669
679
719
764
760
708
708
710
705
666
652
660
692
722
702
705
752
775
764
737
685
687
697
727
692
687
720
742
749
710
693
704
716
717
688
693
723
739
742
712
712
750
755
721
684
691
709
730
674
650
663
696
689
650
655
674
689
683
682
666
633
624
625
642
669
700
695
652
641
664
686
717
743
749
713
676
693
711
719
722
687
641
660
684
659
651
662
694
726
696
661
636
625
618
